0 8
1 8
2 8
3 8
4 8
5 8
6 8
7 8
8 8
9 8
10 7
11 8
12 8
13 7
14 8
15 8
16 6
17 8
18 8
19 7
20 8
21 8
22 8
23 6
24 8
25 8
26 6
27 5
28 7
29 6
30 5
31 4
32 5
33 4
34 4
35 5
36 7
37 4
38 3
39 6
40 6
41 6
42 4
43 3
44 3
45 6
46 2
47 3
48 4
49 5
50 2
51 5
52 5
53 2
54 5
55 4
56 4
57 2
58 2
59 8
60 8
61 8
62 8
63 8
64 6
65 7
66 7
67 5
68 7
69 6
70 6
71 5
72 7
73 6
74 6
75 5
76 7
77 7
78 6
79 7
80 4
81 5
82 6
83 4
84 6
85 4
86 2
87 5
88 5
89 4
90 5
91 3
92 8
93 6
94 5
95 5
96 5
97 3
98 3
99 3
100 8
101 3
102 4
103 3
104 3
105 8
106 8
107 8
108 8
109 8
110 8
111 7
112 6
113 5
114 6
115 8
116 5
117 6
118 6
119 3
120 4
121 6
122 8
123 2
124 5
125 5
126 3
127 7
128 2
129 2
130 2
131 5
132 6
133 8
134 8
135 8
136 8
137 8
138 6
139 4
140 5
141 7
142 6
143 5
144 7
145 5
146 6
147 6
148 7
149 4
150 5
151 7
152 8
153 8
154 2
155 8
156 4
157 3
158 7
159 4
160 6
161 3
162 5
163 3
164 4
165 2
166 4
167 4
168 4
169 4
170 2
171 3
172 4
173 6
174 2
175 4
176 8
177 5
178 6
179 5
180 5
181 5
182 7
183 6
184 5
185 5
186 5
187 8
188 6
189 8
190 3
191 3
192 3
193 5
194 4
195 2
196 4
197 5
198 2
199 2
200 2
201 7
202 6
203 8
204 8
205 2
206 5
207 4
208 7
209 2
210 4
211 6
212 4
213 5
214 3
215 8
216 2
217 6
218 5
219 3
220 7
221 1
222 4
223 6
224 3
225 2
226 3
227 5
228 8
229 6
230 4
231 4
232 7
233 4
234 4
235 1
236 7
237 2
238 2
239 4
240 7
241 5
242 6
243 4
244 5
245 7
246 8
247 4
248 7
249 4
250 4
251 5
252 7
253 4
254 5
255 4
256 7
257 3
258 4
259 7
260 4
261 6
262 6
263 2
264 7
265 4
266 4
267 4
268 4
269 8
270 3
271 5
272 4
273 2
274 3
275 2
276 6
277 4
278 4
279 3
280 4
281 5
282 7
283 4
284 3
285 4
286 3
287 3
288 4
289 6
290 4
291 2
292 3
293 5
294 5
295 2
296 3
297 5
298 2
299 6
300 4
301 4
302 6
303 6
304 4
305 6
306 4
307 6
308 5
309 5
310 5
311 6
312 2
313 3
314 4
315 4
316 2
317 2
318 2
319 4
320 4
321 5
322 2
323 7
324 3
325 3
326 3
327 3
328 2
329 6
330 2
331 2
332 3
333 2
334 4
335 2
336 1
337 8
338 5
339 3
340 6
341 7
342 5
343 6
344 6
345 4
346 6
347 5
348 3
349 5
350 4
351 4
352 3
353 6
354 5
355 3
356 6
357 3
358 6
359 4
360 3
361 5
362 3
363 1
364 6
365 2
366 3
367 2
368 2
369 4
370 2
371 2
372 2
373 5
374 2
375 7
376 6
377 7
378 6
379 6
380 7
381 5
382 7
383 5
384 5
385 5
386 4
387 6
388 3
389 5
390 3
391 2
392 3
393 4
394 2
395 4
396 2
397 3
398 2
399 2
400 2
401 4
402 5
403 2
404 2
405 2
406 6
407 6
408 3
409 6
410 4
411 2
412 2
413 3
414 5
415 2
416 2
417 2
418 4
419 6
420 7
421 6
422 5
423 7
424 3
425 6
426 2
427 3
428 6
429 7
430 7
431 6
432 3
433 4
434 6
435 3
436 3
437 2
438 6
439 5
440 6
441 3
442 2
443 6
444 4
445 3
446 3
447 4
448 3
449 4
450 5
451 2
452 2
453 2
454 4
455 4
456 2
457 2
458 3
459 7
460 6
461 6
462 6
463 5
464 3
465 4
466 4
467 4
468 3
469 2
470 2
471 2
472 3
473 4
474 5
475 4
476 3
477 4
478 3
479 4
480 3
481 3
482 4
483 4
484 2
485 5
486 6
487 6
488 5
489 3
490 2
491 3
492 6
493 2
494 3
495 3
496 2
497 2
498 2
499 4
500 5
501 4
502 4
503 2
504 5
505 3
506 3
507 6
508 4
509 5
510 4
511 2
512 5
513 4
514 6
515 3
516 4
517 4
518 2
519 2
520 2
521 2
522 4
523 5
524 2
525 4
526 4
527 4
528 5
529 4
530 4
531 4
532 4
533 4
534 3
535 3
536 3
537 2
538 2
539 4
540 2
541 2
542 2
543 5
544 3
545 4
546 2
547 2
548 5
549 4
550 6
551 4
552 5
553 3
554 6
555 2
556 2
557 3
558 3
559 4
560 5
561 3
562 4
563 4
564 4
565 1
566 6
567 5
568 5
569 3
570 3
571 2
572 5
573 5
574 3
575 4
576 4
577 2
578 2
579 2
580 6
581 5
582 3
583 4
584 3
585 2
586 3
587 3
588 2
589 7
590 5
591 6
592 3
593 3
594 4
595 5
596 6
597 3
598 5
599 2
600 1
601 5
602 2
603 3
604 6
605 2
606 4
607 2
608 3
609 4
610 2
611 2
612 2
613 4
614 3
615 4
616 5
617 2
618 2
619 2
620 3
621 3
622 4
623 2
624 2
625 3
626 1
627 4
628 2
629 4
630 3
631 4
632 4
633 2
634 2
635 4
636 3
637 2
638 5
639 4
640 4
641 3
642 4
643 6
644 4
645 3
646 2
647 3
648 4
649 3
650 3
651 2
652 4
653 3
654 6
655 3
656 3
657 3
658 2
659 3
660 4
661 3
662 4
663 5
664 5
665 2
666 2
667 2
668 4
669 5
670 3
671 3
672 3
673 2
674 2
675 4
676 3
677 4
678 4
679 5
680 3
681 6
682 3
683 4
684 1
685 4
686 4
687 1
688 4
689 5
690 3
691 2
692 2
693 3
694 4
695 2
696 2
697 3
698 1
699 3
700 3
701 4
702 3
703 3
704 3
705 4
706 3
707 3
708 3
709 3
710 2
711 4
712 3
713 3
714 5
715 1
716 4
717 4
718 3
719 2
720 1
721 4
722 3
723 4
724 4
725 2
726 4
727 2
728 2
729 2
730 3
731 3
732 3
733 2
734 4
735 4
736 2
737 4
738 4
739 2
740 4
741 3
742 2
743 2
744 5
745 3
746 2
747 4
748 2
749 3
750 2
751 3
752 6
753 3
754 2
755 3
756 4
757 3
758 4
759 2
760 4
761 2
762 2
763 3
764 1
765 2
766 3
767 2
768 2
769 3
770 1
771 4
772 4
773 3
774 2
775 4
776 3
777 3
778 3
779 2
780 2
781 3
782 3
783 2
784 3
785 4
786 3
787 3
788 3
789 2
790 2
791 3
792 4
793 4
794 4
795 4
796 3
797 2
798 3
799 2
800 2
801 2
802 2
803 3
804 4
805 2
806 4
807 4
808 2
809 2
810 2
811 3
812 3
813 2
814 4
815 4
816 2
817 2
818 3
819 2
820 2
821 4
822 2
823 3
824 2
825 4
826 2
827 2
828 4
829 3
830 3
831 1
832 2
833 4
834 2
835 3
836 4
837 3
838 2
839 2
840 2
841 2
842 3
843 3
844 2
845 4
846 3
847 3
848 4
849 2
850 2
851 3
852 2
853 2
854 2
855 2
856 2
857 4
858 2
859 2
860 3
861 3
862 2
863 2
864 3
865 2
866 4
867 4
868 2
869 2
870 2
871 4
872 2
873 2
874 2
875 3
876 2
877 2
878 2
879 2
880 2
881 2
882 2
883 3
884 3
885 2
886 1
887 3
888 2
889 2
890 3
891 3
892 2
893 2
894 2
895 3
896 2
897 1
898 2
899 4
900 2
901 3
902 4
903 2
904 2
905 2
906 3
907 2
908 1
909 2
910 2
911 2
912 2
913 4
914 2
915 2
916 3
917 3
918 3
919 2
920 2
921 2
922 2
923 4
924 2
925 2
926 2
927 3
928 2
929 2
930 3
931 2
932 2
933 2
934 1
935 2
936 2
937 3
938 4
939 3
940 3
941 2
942 4
943 3
944 4
945 2
946 3
947 2
948 2
949 2
950 4
951 3
952 3
953 2
954 2
955 3
956 3
957 2
958 2
959 3
960 2
961 1
962 2
963 2
964 2
965 2
966 2
967 2
968 2
969 1
970 2
971 2
972 2
973 2
974 2
975 2
976 2
977 2
978 2
979 2
980 2
981 2
982 3
983 2
984 2
985 2
986 1
987 2
988 2
989 2
990 2
991 2
992 2
993 2
994 2
995 1
996 2
997 2
998 2
