0 1
2
0 2
3
0 3
4
0 4
5
0 5
6
0 6
7
0 7
8
0 8
9
0 9
10
0 10
11
0 11
12
0 12
13
0 13
14
0 14
15
0 15
16
0 16
17
0 17
18
0 18
19
0 19
20
0 20
21
0 21
22
0 22
23
0 23
24
0 24
25
0 25
26
0 26
27
0 27
28
0 28
29
0 29
30
0 30
31
0 31
32
0 32
33
0 33
34
0 34
35
0 35
36
0 36
37
0 37
38
0 38
39
0 39
40
0 40
41
0 41
42
0 42
43
0 43
44
0 44
45
0 45
46
0 46
47
0 47
48
0 48
49
0 49
50
0 50
51
0 51
52
0 52
53
0 53
54
0 54
55
0 55
56
0 56
57
0 57
58
0 58
59
59 6
60
59 60
61
59 4
61
59 61
62
59 62
63
59 63
64
59 64
65
59 9
65
59 65
66
59 66
67
59 67
68
59 68
69
59 69
70
59 70
71
59 71
72
59 72
73
59 73
74
59 74
75
59 75
76
59 76
77
59 77
78
59 78
79
59 79
80
59 80
81
59 81
82
59 82
83
59 52
83
59 83
84
59 84
85
59 85
86
59 86
87
59 87
88
59 88
89
59 89
90
59 90
91
59 91
92
59 92
93
59 93
94
59 94
95
59 95
96
59 96
97
59 97
98
59 36
98
59 98
99
59 99
100
59 100
101
59 101
102
59 102
103
59 103
104
59 104
105
1 15
105
1 105
106
1 17
106
1 7
106
1 4
106
1 106
107
1 63
107
1 107
108
1 108
109
1 109
110
1 110
111
1 111
112
1 74
112
1 3
112
1 112
113
1 73
113
1 113
114
1 114
115
1 115
116
1 116
117
1 45
117
1 117
118
1 118
119
1 119
120
1 120
121
1 121
122
1 26
122
1 122
123
1 123
124
1 124
125
1 125
126
1 126
127
1 127
128
1 128
129
1 129
130
1 130
131
1 131
132
1 132
133
6 133
134
6 15
134
6 60
134
6 3
134
6 106
134
6 7
134
6 8
134
6 115
134
6 134
135
6 16
135
6 135
136
6 136
137
6 18
137
6 137
138
6 107
138
6 21
138
6 138
139
6 139
140
6 140
141
6 141
142
6 142
143
6 67
143
6 143
144
6 144
145
6 145
146
6 146
147
6 147
148
6 12
148
6 24
148
6 148
149
6 149
150
6 150
151
6 151
152
6 152
153
6 153
154
6 154
155
6 155
156
6 48
156
6 156
157
6 157
158
6 158
159
6 159
160
6 82
160
6 160
161
6 161
162
6 162
163
6 39
163
6 163
164
6 164
165
6 165
166
6 166
167
6 35
167
6 167
168
6 168
169
6 9
169
6 169
170
6 170
171
6 171
172
6 172
173
6 173
174
6 174
175
6 175
176
15 63
176
15 9
176
15 5
176
15 106
176
15 25
176
15 3
176
15 7
176
15 105
176
15 17
176
15 10
176
15 176
177
15 64
177
15 62
177
15 177
178
15 178
179
15 158
179
15 4
179
15 179
180
15 180
181
15 60
181
15 181
182
15 182
183
15 37
183
15 183
184
15 184
185
15 185
186
15 186
187
15 114
187
15 187
188
15 188
189
15 189
190
15 190
191
15 191
192
15 192
193
15 193
194
15 194
195
15 195
196
15 196
197
15 197
198
15 41
198
15 198
199
15 199
200
15 21
200
15 200
201
60 2
201
60 115
201
60 7
201
60 62
201
60 133
201
60 137
201
60 201
202
60 202
203
60 106
203
60 203
204
60 204
205
60 189
205
60 205
206
60 206
207
60 127
207
60 183
207
60 54
207
60 207
208
60 208
209
60 209
210
60 210
211
60 211
212
60 212
213
60 213
214
60 214
215
60 142
215
60 215
216
60 216
217
60 217
218
60 218
219
60 219
220
60 220
221
60 221
222
60 179
222
60 222
223
60 223
224
60 224
225
60 225
226
60 226
227
60 227
228
60 157
228
133 3
228
133 2
228
133 105
228
133 4
228
133 203
228
133 228
229
133 176
229
133 107
229
133 229
230
133 106
230
133 70
230
133 95
230
133 18
230
133 32
230
133 230
231
133 231
232
133 115
232
133 40
232
133 232
233
133 233
234
133 234
235
133 88
235
133 125
235
133 235
236
133 236
237
133 237
238
133 238
239
133 239
240
9 63
240
9 25
240
9 2
240
9 115
240
9 106
240
9 19
240
9 148
240
9 5
240
9 11
240
9 176
240
9 22
240
9 67
240
9 240
241
9 241
242
9 152
242
9 155
242
9 92
242
9 242
243
9 243
244
9 244
245
9 245
246
9 68
246
9 13
246
9 246
247
9 247
248
9 20
248
9 183
248
9 248
249
9 249
250
9 250
251
9 251
252
9 252
253
9 253
254
9 23
254
9 254
255
9 255
256
9 256
257
9 192
257
9 257
258
9 258
259
9 259
260
9 260
261
9 14
261
9 186
261
9 261
262
9 262
263
9 263
264
9 264
265
9 265
266
9 266
267
9 55
267
9 267
268
9 268
269
9 269
270
9 84
270
9 270
271
9 271
272
9 272
273
9 141
273
9 273
274
9 274
275
9 275
276
9 146
276
2 8
276
2 106
276
2 176
276
2 7
276
2 63
276
2 105
276
2 115
276
2 137
276
2 22
276
2 261
276
2 19
276
2 276
277
2 229
277
2 10
277
2 81
277
2 277
278
2 249
278
2 278
279
2 12
279
2 279
280
2 280
281
2 281
282
2 282
283
2 20
283
2 256
283
2 188
283
2 283
284
2 284
285
2 134
285
2 109
285
2 285
286
2 286
287
2 287
288
2 288
289
2 289
290
2 80
290
2 23
290
2 101
290
2 290
291
2 291
292
2 292
293
2 293
294
2 294
295
2 295
296
2 51
296
2 296
297
2 297
298
2 298
299
7 61
299
7 155
299
7 21
299
7 63
299
7 176
299
7 110
299
7 28
299
7 144
299
7 299
300
7 187
300
7 300
301
7 301
302
7 302
303
7 17
303
7 66
303
7 72
303
7 245
303
7 23
303
7 5
303
7 153
303
7 18
303
7 303
304
7 112
304
7 304
305
7 305
306
7 306
307
7 252
307
7 141
307
7 118
307
7 307
308
7 308
309
7 309
310
7 79
310
7 269
310
7 310
311
7 311
312
7 205
312
7 240
312
7 312
313
7 30
313
7 313
314
7 264
314
7 314
315
7 279
315
7 103
315
7 315
316
7 80
316
7 316
317
7 317
318
7 318
319
3 61
319
3 4
319
3 228
319
3 92
319
3 65
319
3 21
319
3 109
319
3 115
319
3 152
319
3 5
319
3 137
319
3 112
319
3 183
319
3 319
320
3 264
320
3 148
320
3 262
320
3 320
321
3 244
321
3 100
321
3 321
322
3 160
322
3 34
322
3 322
323
3 323
324
3 107
324
3 324
325
3 325
326
3 326
327
3 303
327
3 290
327
3 327
328
3 328
329
3 250
329
3 329
330
3 330
331
3 331
332
3 332
333
3 333
334
3 334
335
3 254
335
3 335
336
3 336
337
3 337
338
3 338
339
3 339
340
3 219
340
4 63
340
4 269
340
4 203
340
4 106
340
4 148
340
4 204
340
4 115
340
4 68
340
4 5
340
4 134
340
4 289
340
4 136
340
4 202
340
4 340
341
4 109
341
4 122
341
4 20
341
4 236
341
4 112
341
4 341
342
4 179
342
4 282
342
4 11
342
4 342
343
4 118
343
4 220
343
4 343
344
4 258
344
4 344
345
4 345
346
4 305
346
4 51
346
4 346
347
4 347
348
4 243
348
4 348
349
4 34
349
4 208
349
4 349
350
4 350
351
4 139
351
4 351
352
4 127
352
4 352
353
4 353
354
4 354
355
4 355
356
4 356
357
4 357
358
4 358
359
4 121
359
4 61
359
4 359
360
4 124
360
4 360
361
4 361
362
4 142
362
4 138
362
4 362
363
4 363
364
4 262
364
4 108
364
4 364
365
4 365
366
4 366
367
4 367
368
4 368
369
4 369
370
4 370
371
4 371
372
4 173
372
4 81
372
4 372
373
4 373
374
4 374
375
106 63
375
106 62
375
106 17
375
106 68
375
106 375
376
106 376
377
106 5
377
106 108
377
106 135
377
106 137
377
106 377
378
106 136
378
106 115
378
106 93
378
106 111
378
106 105
378
106 21
378
106 378
379
106 35
379
106 178
379
106 211
379
106 379
380
106 162
380
106 300
380
106 380
381
106 343
381
106 79
381
106 65
381
106 381
382
106 181
382
106 269
382
106 382
383
106 383
384
106 193
384
106 384
385
106 236
385
106 72
385
106 282
385
106 66
385
106 92
385
106 385
386
106 153
386
106 386
387
106 172
387
106 122
387
106 266
387
106 387
388
106 388
389
106 389
390
106 390
391
106 320
391
106 286
391
106 391
392
106 392
393
106 393
394
106 394
395
106 395
396
106 396
397
106 397
398
106 213
398
106 398
399
106 399
400
106 400
401
106 10
401
106 401
402
106 402
403
106 403
404
106 404
405
106 405
406
5 8
406
5 105
406
5 137
406
5 248
406
5 176
406
5 25
406
5 146
406
5 356
406
5 21
406
5 406
407
5 256
407
5 63
407
5 407
408
5 72
408
5 408
409
5 36
409
5 409
410
5 79
410
5 410
411
5 411
412
5 412
413
5 191
413
5 260
413
5 413
414
5 414
415
5 415
416
5 416
417
5 148
417
5 287
417
5 417
418
152 63
418
152 203
418
152 108
418
152 16
418
152 204
418
152 71
418
152 241
418
152 35
418
152 329
418
152 418
419
152 244
419
152 22
419
152 8
419
152 24
419
152 419
420
152 420
421
152 421
422
152 23
422
152 422
423
152 423
424
152 424
425
152 65
425
152 425
426
152 426
427
152 34
427
152 427
428
152 332
428
63 62
428
63 8
428
63 19
428
63 428
429
63 203
429
63 155
429
63 21
429
63 429
430
63 182
430
63 24
430
63 240
430
63 382
430
63 430
431
63 323
431
63 138
431
63 27
431
63 187
431
63 376
431
63 127
431
63 380
431
63 409
431
63 277
431
63 254
431
63 121
431
63 329
431
63 116
431
63 12
431
63 431
432
63 432
433
63 52
433
63 252
433
63 299
433
63 433
434
63 434
435
63 281
435
63 213
435
63 435
436
63 436
437
63 437
438
63 423
438
63 137
438
63 324
438
63 438
439
63 346
439
63 439
440
63 345
440
63 440
441
63 441
442
63 227
442
63 220
442
63 442
443
63 82
443
63 18
443
63 410
443
63 110
443
63 443
444
63 444
445
63 445
446
63 446
447
63 447
448
63 448
449
63 402
449
63 352
449
63 449
450
63 450
451
63 451
452
63 452
453
63 453
454
63 144
454
63 454
455
63 455
456
63 456
457
63 457
458
63 458
459
63 140
459
105 115
459
105 61
459
105 92
459
105 423
459
105 228
459
105 11
459
105 111
459
105 12
459
105 459
460
105 77
460
105 460
461
105 24
461
105 434
461
105 406
461
105 461
462
105 242
462
105 282
462
105 215
462
105 188
462
105 135
462
105 346
462
105 151
462
105 462
463
105 463
464
105 160
464
105 51
464
105 79
464
105 294
464
105 464
465
105 379
465
105 465
466
105 385
466
105 466
467
105 236
467
105 246
467
105 28
467
105 467
468
105 234
468
105 153
468
105 414
468
105 289
468
105 118
468
105 468
469
105 348
469
105 469
470
105 267
470
105 69
470
105 470
471
105 471
472
105 308
472
105 472
473
105 280
473
8 61
473
8 115
473
8 204
473
8 420
473
8 108
473
8 182
473
8 256
473
8 148
473
8 187
473
8 110
473
8 109
473
8 215
473
8 319
473
8 28
473
8 176
473
8 473
474
8 474
475
8 87
475
8 135
475
8 475
476
8 476
477
8 423
477
8 407
477
8 477
478
8 136
478
8 39
478
8 425
478
8 478
479
8 361
479
8 479
480
8 480
481
8 369
481
8 481
482
8 482
483
8 483
484
8 484
485
61 269
485
61 204
485
61 420
485
61 429
485
61 17
485
61 78
485
61 485
486
61 430
486
61 137
486
61 256
486
61 276
486
61 73
486
61 113
486
61 206
486
61 460
486
61 262
486
61 18
486
61 24
486
61 155
486
61 121
486
61 407
486
61 486
487
61 487
488
61 186
488
61 488
489
61 489
490
61 490
491
61 347
491
61 491
492
61 492
493
61 493
494
61 135
494
61 395
494
61 494
495
61 42
495
61 109
495
61 331
495
61 495
496
61 496
497
61 248
497
61 393
497
61 423
497
61 497
498
61 193
498
61 372
498
61 498
499
25 17
499
25 204
499
25 78
499
25 248
499
25 488
499
25 337
499
25 203
499
25 443
499
25 499
500
25 500
501
25 501
502
25 502
503
25 503
504
25 23
504
25 12
504
25 504
505
25 505
506
25 506
507
17 155
507
17 269
507
17 228
507
17 507
508
17 301
508
17 108
508
17 70
508
17 353
508
17 73
508
17 110
508
17 508
509
17 294
509
17 218
509
17 429
509
17 509
510
17 434
510
17 192
510
17 156
510
17 193
510
17 510
511
17 386
511
17 511
512
17 26
512
17 512
513
17 513
514
17 109
514
17 232
514
17 308
514
17 514
515
17 515
516
17 99
516
17 516
517
17 517
518
17 518
519
17 519
520
17 520
521
17 521
522
228 137
522
228 134
522
228 429
522
228 229
522
228 135
522
228 522
523
228 523
524
228 259
524
228 24
524
228 181
524
228 524
525
228 525
526
228 526
527
228 232
527
228 338
527
228 102
527
228 176
527
228 527
528
228 148
528
228 528
529
228 529
530
228 484
530
155 14
530
155 20
530
155 18
530
155 24
530
155 485
530
155 375
530
155 419
530
155 354
530
155 62
530
155 202
530
155 492
530
155 201
530
155 303
530
155 79
530
155 204
530
155 251
530
155 530
531
155 13
531
155 531
532
155 532
533
155 52
533
155 351
533
155 501
533
155 38
533
155 474
533
155 533
534
155 534
535
155 535
536
155 536
537
155 537
538
155 538
539
155 539
540
155 462
540
155 540
541
155 54
541
155 541
542
155 66
542
155 542
543
62 178
543
62 146
543
62 134
543
62 349
543
62 76
543
62 231
543
62 120
543
62 543
544
62 153
544
62 95
544
62 544
545
62 545
546
62 246
546
62 546
547
62 547
548
115 215
548
115 12
548
115 269
548
115 72
548
115 420
548
115 548
549
115 107
549
115 507
549
115 173
549
115 409
549
115 428
549
115 96
549
115 220
549
115 141
549
115 549
550
115 375
550
115 378
550
115 492
550
115 550
551
115 73
551
115 512
551
115 92
551
115 26
551
115 551
552
115 88
552
115 552
553
115 19
553
115 121
553
115 87
553
115 553
554
115 136
554
115 293
554
115 554
555
115 555
556
115 556
557
115 557
558
115 245
558
115 102
558
115 558
559
115 559
560
115 560
561
115 315
561
115 561
562
115 470
562
115 562
563
115 162
563
115 449
563
375 21
563
375 240
563
375 111
563
375 323
563
375 329
563
375 143
563
375 563
564
375 387
564
375 324
564
375 564
565
375 340
565
375 265
565
375 565
566
375 566
567
375 567
568
375 440
568
108 21
568
108 177
568
108 136
568
108 100
568
108 113
568
108 66
568
108 568
569
108 569
570
108 246
570
108 14
570
108 72
570
108 380
570
108 337
570
108 543
570
108 190
570
108 330
570
108 570
571
108 333
571
108 252
571
108 571
572
507 220
572
507 320
572
507 173
572
507 459
572
507 572
573
507 420
573
507 399
573
203 460
573
203 340
573
203 354
573
203 134
573
203 343
573
203 180
573
203 153
573
203 176
573
203 14
573
203 82
573
203 431
573
203 325
573
203 573
574
203 574
575
203 575
576
203 576
577
203 577
578
203 578
579
203 471
579
203 579
580
203 341
580
269 16
580
269 144
580
269 20
580
269 323
580
269 259
580
269 500
580
269 580
581
269 581
582
269 527
582
269 132
582
269 407
582
269 169
582
269 543
582
269 131
582
269 264
582
269 531
582
269 287
582
269 582
583
269 341
583
269 583
584
269 584
585
269 585
586
269 488
586
269 586
587
269 587
588
269 588
589
269 443
589
16 176
589
16 589
590
16 450
590
16 193
590
16 302
590
16 590
591
16 239
591
16 591
592
10 68
592
10 337
592
10 72
592
10 21
592
10 71
592
10 592
593
10 206
593
10 332
593
10 30
593
110 421
593
110 122
593
110 241
593
110 486
593
110 189
593
110 11
593
110 135
593
110 94
593
110 52
593
110 593
594
110 229
594
68 72
594
68 84
594
68 177
594
68 189
594
68 151
594
68 594
595
68 40
595
68 576
595
92 229
595
92 144
595
92 100
595
92 189
595
92 460
595
92 303
595
92 156
595
92 111
595
92 264
595
92 347
595
92 595
596
92 358
596
92 440
596
92 176
596
92 596
597
92 530
597
92 412
597
92 597
598
92 314
598
92 422
598
92 598
599
92 78
599
92 599
600
92 600
601
92 601
602
92 602
603
92 426
603
92 245
603
92 603
604
11 21
604
11 109
604
11 604
605
11 135
605
11 463
605
11 93
605
11 168
605
11 566
605
11 22
605
11 45
605
11 271
605
11 438
605
11 239
605
11 605
606
11 606
607
11 607
608
11 608
609
11 449
609
11 609
610
11 610
611
11 356
611
11 611
612
11 572
612
11 138
612
65 77
612
65 301
612
65 420
612
65 300
612
65 124
612
65 76
612
65 523
612
65 380
612
65 539
612
65 612
613
65 537
613
65 613
614
65 583
614
65 614
615
65 615
616
460 78
616
460 505
616
460 223
616
460 616
617
460 294
617
460 73
617
460 51
617
460 617
618
460 378
618
460 516
618
460 618
619
460 316
619
460 619
620
176 14
620
176 146
620
176 134
620
176 598
620
176 76
620
176 306
620
176 514
620
176 47
620
176 114
620
176 620
621
176 591
621
176 208
621
176 41
621
176 107
621
176 434
621
176 144
621
176 567
621
176 494
621
176 488
621
176 256
621
176 49
621
176 560
621
12 135
621
12 151
621
12 240
621
12 127
621
12 201
621
12 245
621
12 259
621
12 361
621
12 589
621
12 358
621
12 136
621
12 573
621
12 621
622
12 210
622
12 208
622
12 622
623
12 187
623
12 623
624
12 369
624
12 18
624
12 624
625
12 625
626
12 220
626
12 626
627
70 627
628
70 628
629
70 629
630
70 630
631
70 407
631
70 311
631
70 66
631
70 39
631
13 71
631
13 189
631
13 201
631
13 572
631
13 377
631
13 420
631
13 19
631
13 631
632
13 409
632
13 160
632
13 388
632
13 632
633
13 633
634
13 634
635
136 173
635
136 189
635
136 220
635
136 22
635
136 635
636
136 252
636
136 439
636
136 636
637
136 637
638
136 638
639
136 304
639
136 430
639
136 586
639
136 49
639
72 420
639
72 19
639
72 337
639
72 206
639
72 143
639
72 425
639
72 341
639
72 639
640
72 640
641
72 538
641
72 419
641
72 335
641
72 641
642
201 144
642
201 380
642
201 242
642
201 78
642
201 340
642
201 208
642
201 142
642
201 311
642
201 24
642
201 245
642
201 642
643
201 187
643
201 349
643
201 353
643
201 150
643
201 643
644
201 321
644
201 48
644
201 319
644
201 274
644
201 644
645
201 215
645
201 645
646
201 646
647
201 647
648
201 158
648
201 648
649
201 461
649
201 492
649
201 546
649
201 489
649
376 21
649
376 418
649
376 378
649
376 249
649
376 74
649
376 121
649
376 649
650
376 650
651
376 45
651
148 382
651
148 64
651
148 31
651
148 651
652
148 652
653
148 614
653
148 589
653
148 638
653
148 239
653
148 303
653
14 337
653
14 382
653
14 158
653
14 76
653
14 242
653
14 36
653
14 117
653
14 440
653
14 153
653
14 653
654
14 123
654
14 654
655
14 645
655
14 273
655
14 655
656
14 360
656
14 656
657
14 22
657
240 406
657
240 20
657
240 158
657
240 36
657
240 247
657
240 423
657
240 523
657
240 312
657
240 305
657
240 657
658
240 549
658
240 594
658
240 625
658
240 236
658
240 462
658
204 64
658
204 589
658
204 299
658
204 259
658
204 572
658
204 508
658
204 21
658
204 568
658
204 620
658
204 466
658
204 658
659
204 659
660
204 342
660
204 396
660
204 660
661
204 82
661
204 227
661
204 661
662
204 83
662
337 122
662
337 26
662
337 107
662
337 69
662
337 662
663
337 259
663
337 74
663
337 246
663
337 156
663
337 358
663
337 601
663
337 663
664
337 664
665
337 187
665
337 414
665
337 435
665
337 162
665
337 422
665
337 445
665
337 665
666
337 554
666
337 443
666
337 666
667
337 667
668
337 668
669
137 187
669
137 208
669
137 22
669
137 153
669
137 514
669
137 122
669
137 474
669
137 18
669
137 669
670
137 151
670
137 401
670
137 670
671
137 671
672
137 461
672
137 672
673
137 550
673
137 673
674
137 601
674
137 577
674
137 674
675
80 675
676
80 246
676
80 473
676
80 631
676
80 676
677
80 677
678
406 134
678
406 20
678
406 444
678
406 678
679
406 256
679
406 553
679
406 679
680
406 680
681
406 295
681
64 681
682
64 423
682
64 604
682
64 342
682
64 340
682
64 219
682
64 670
682
64 185
682
64 682
683
64 683
684
64 395
684
215 100
684
215 20
684
215 107
684
215 377
684
215 262
684
215 236
684
215 189
684
215 466
684
215 381
684
215 56
684
423 135
684
423 151
684
423 598
684
423 528
684
423 566
684
423 597
684
423 596
684
423 127
684
423 154
684
423 379
684
423 307
684
423 373
684
423 309
684
423 164
684
423 684
685
423 21
685
423 454
685
19 377
685
19 207
685
19 264
685
19 543
685
100 134
685
100 28
685
100 303
685
100 256
685
100 302
685
100 187
685
100 18
685
100 580
685
100 685
686
100 253
686
100 686
687
100 358
687
100 687
688
134 76
688
134 223
688
134 32
688
134 178
688
134 40
688
134 604
688
134 688
689
134 36
689
134 291
689
134 448
689
107 299
689
107 509
689
107 689
690
107 150
690
107 690
691
107 197
691
107 416
691
107 691
692
107 692
693
158 20
693
158 693
694
158 662
694
158 55
694
158 281
694
158 322
694
158 392
694
158 21
694
158 211
694
158 694
695
158 541
695
178 207
695
178 512
695
178 529
695
178 182
695
178 438
695
178 533
695
178 380
695
178 29
695
178 695
696
428 329
696
428 76
696
428 223
696
428 251
696
428 151
696
428 696
697
428 153
697
428 457
697
485 241
697
485 568
697
485 109
697
485 697
698
485 383
698
485 698
699
485 699
700
485 94
700
135 246
700
135 430
700
135 77
700
135 109
700
135 18
700
135 305
700
135 390
700
135 700
701
135 701
702
135 122
702
135 550
702
135 605
702
135 570
702
135 444
702
135 702
703
135 703
704
135 704
705
135 306
705
135 21
705
22 420
705
22 705
706
22 208
706
22 443
706
22 162
706
22 461
706
22 348
706
22 480
706
22 341
706
22 321
706
22 643
706
22 706
707
22 707
708
22 708
709
118 146
709
118 138
709
118 111
709
118 709
710
118 95
710
118 91
710
229 276
710
229 345
710
229 591
710
229 246
710
229 705
710
229 678
710
229 186
710
229 523
710
229 582
710
229 320
710
229 425
710
229 633
710
229 317
710
21 669
710
21 179
710
21 206
710
21 459
710
21 589
710
21 487
710
21 84
710
21 409
710
21 311
710
21 383
710
21 140
710
21 259
710
21 20
710
21 475
710
21 94
710
21 710
711
21 711
712
21 635
712
21 629
712
21 712
713
21 713
714
377 67
714
377 504
714
377 347
714
377 346
714
377 340
714
377 662
714
377 28
714
377 361
714
377 714
715
377 282
715
377 429
715
377 715
716
377 699
716
377 716
717
377 717
718
377 596
718
377 718
719
377 277
719
377 719
720
109 236
720
109 604
720
109 341
720
109 169
720
109 421
720
109 720
721
109 18
721
109 30
721
109 721
722
109 722
723
109 723
724
109 321
724
109 613
724
109 724
725
109 188
725
109 419
725
109 725
726
109 389
726
109 28
726
109 708
726
109 668
726
569 420
726
569 726
727
569 727
728
569 553
728
569 728
729
569 729
730
569 730
731
20 343
731
20 276
731
20 598
731
20 462
731
20 731
732
20 77
732
20 732
733
20 243
733
20 402
733
20 632
733
20 590
733
20 355
733
20 323
733
20 562
733
20 697
733
20 733
734
548 29
734
548 486
734
548 32
734
548 734
735
548 535
735
548 347
735
248 182
735
248 282
735
248 675
735
248 85
735
248 278
735
248 615
735
248 735
736
248 164
736
248 310
736
248 736
737
248 183
737
248 458
737
248 111
737
248 737
738
248 701
738
248 738
739
248 739
740
76 182
740
76 681
740
76 282
740
76 116
740
76 117
740
76 264
740
76 79
740
76 145
740
76 740
741
76 153
741
76 741
742
76 517
742
76 742
743
76 743
744
76 591
744
420 236
744
420 589
744
420 276
744
420 252
744
420 223
744
420 147
744
420 344
744
420 744
745
420 745
746
420 459
746
420 746
747
420 389
747
420 44
747
420 343
747
420 747
748
420 689
748
420 199
748
420 748
749
177 467
749
177 499
749
177 440
749
177 150
749
177 97
749
177 409
749
177 727
749
340 73
749
340 669
749
340 749
750
340 551
750
340 346
750
340 48
750
340 466
750
340 750
751
340 195
751
340 666
751
340 682
751
340 654
751
340 751
752
29 26
752
29 180
752
29 752
753
29 465
753
29 486
753
29 354
753
29 259
753
29 49
753
29 753
754
29 754
755
29 302
755
66 438
755
66 382
755
66 187
755
66 309
755
66 554
755
66 622
755
66 77
755
66 211
755
429 459
755
429 69
755
429 580
755
429 567
755
429 282
755
429 140
755
429 755
756
429 756
757
429 551
757
669 302
757
669 94
757
669 604
757
669 49
757
669 737
757
669 511
757
669 685
757
142 24
757
142 141
757
96 144
757
96 246
757
96 419
757
96 516
757
96 676
757
96 757
758
256 223
758
256 293
758
256 185
758
256 758
759
256 430
759
256 161
759
256 483
759
256 759
760
256 595
760
382 430
760
382 438
760
382 36
760
382 654
760
382 760
761
382 681
761
382 734
761
382 686
761
382 761
762
382 381
762
382 762
763
382 263
763
182 407
763
182 421
763
182 589
763
182 425
763
182 726
763
182 127
763
67 459
763
67 763
764
67 764
765
67 765
766
71 343
766
71 528
766
71 706
766
71 450
766
71 766
767
71 767
768
71 477
768
71 610
768
71 768
769
329 769
770
329 305
770
27 73
770
27 131
770
27 217
770
27 325
770
27 770
771
27 482
771
28 353
771
28 643
771
28 125
771
28 747
771
28 381
771
28 771
772
28 514
772
28 772
773
28 500
773
28 323
773
28 527
773
28 238
773
28 611
773
93 75
773
93 259
773
93 311
773
93 299
773
93 640
773
93 773
774
93 774
775
93 681
775
93 143
775
93 349
775
144 127
775
144 474
775
144 419
775
144 500
775
144 214
775
144 637
775
144 425
775
144 286
775
144 775
776
144 174
776
73 147
776
73 462
776
73 776
777
73 777
778
73 26
778
73 778
779
73 591
779
73 175
779
73 779
780
73 539
780
73 140
780
73 587
780
589 282
780
589 364
780
589 545
780
589 350
780
589 780
781
589 288
781
589 781
782
276 261
782
276 461
782
276 498
782
289 147
782
289 353
782
289 26
782
289 782
783
289 783
784
289 183
784
18 189
784
18 487
784
18 236
784
18 473
784
18 138
784
18 232
784
18 638
784
18 566
784
18 784
785
18 459
785
18 785
786
18 562
786
18 786
787
18 544
787
18 58
787
202 167
787
202 189
787
202 514
787
202 787
788
202 393
788
202 121
788
202 343
788
202 421
788
202 89
788
202 632
788
202 113
788
246 189
788
246 122
788
246 217
788
246 550
788
246 679
788
246 310
788
246 604
788
246 665
788
246 524
788
246 788
789
246 271
789
246 789
790
246 790
791
246 768
791
111 230
791
111 261
791
111 75
791
111 304
791
111 259
791
111 252
791
111 245
791
111 510
791
111 474
791
111 220
791
111 233
791
111 513
791
111 791
792
111 693
792
111 792
793
111 691
793
111 639
793
111 793
794
78 262
794
78 550
794
78 344
794
78 794
795
78 559
795
78 468
795
78 795
796
78 282
796
78 424
796
78 304
796
78 574
796
236 356
796
236 581
796
236 252
796
236 450
796
236 380
796
236 212
796
236 90
796
236 438
796
236 675
796
236 217
796
236 132
796
236 43
796
236 609
796
236 714
796
236 525
796
236 796
797
236 271
797
236 797
798
236 640
798
236 328
798
236 508
798
236 798
799
236 141
799
236 89
799
236 670
799
236 57
799
236 799
800
236 407
800
236 800
801
236 801
802
236 231
802
236 644
802
211 189
802
211 438
802
211 723
802
211 802
803
211 803
804
438 356
804
438 218
804
438 181
804
438 724
804
438 492
804
438 408
804
146 804
805
146 167
805
146 805
806
146 806
807
682 509
807
354 26
807
354 433
807
354 777
807
354 785
807
354 186
807
354 618
807
354 733
807
24 616
807
24 745
807
24 334
807
24 141
807
24 290
807
24 709
807
24 414
807
24 708
807
24 807
808
24 33
808
24 654
808
24 808
809
323 459
809
323 531
809
323 294
809
323 775
809
122 663
809
122 554
809
122 440
809
122 596
809
122 173
809
122 83
809
122 234
809
122 379
809
122 213
809
122 735
809
122 704
809
26 45
809
26 245
809
26 338
809
378 171
809
378 580
809
378 310
809
378 486
809
378 809
810
537 810
811
353 81
811
353 244
811
353 421
811
353 467
811
353 275
811
353 735
811
353 763
811
353 677
811
353 716
811
353 811
812
353 812
813
353 380
813
353 609
813
353 813
814
262 814
815
262 815
816
262 816
817
262 454
817
262 817
818
262 818
819
262 819
820
241 271
820
241 820
821
241 456
821
413 187
821
413 755
821
413 303
821
249 272
821
249 792
821
249 575
821
249 89
821
249 821
822
249 652
822
249 52
822
789 301
822
35 139
822
35 714
822
35 272
822
35 701
822
35 582
822
35 822
823
430 459
823
430 242
823
430 299
823
430 278
823
430 151
823
430 244
823
430 381
823
430 411
823
430 775
823
430 823
824
430 217
824
430 104
824
430 824
825
430 825
826
430 826
827
343 143
827
343 307
827
343 592
827
343 361
827
343 827
828
343 798
828
343 735
828
179 828
829
179 125
829
179 829
830
179 740
830
179 830
831
69 125
831
69 358
831
69 831
832
69 77
832
69 252
832
69 440
832
419 487
832
419 188
832
419 257
832
419 753
832
419 584
832
419 832
833
419 833
834
419 834
835
77 689
835
77 210
835
77 439
835
77 175
835
77 475
835
77 212
835
77 151
835
77 835
836
77 778
836
77 476
836
77 836
837
77 837
838
77 838
839
77 839
840
77 654
840
77 840
841
74 187
841
74 147
841
74 738
841
74 299
841
74 841
842
74 314
842
74 386
842
74 842
843
112 299
843
112 525
843
112 732
843
112 598
843
112 217
843
112 653
843
112 843
844
112 458
844
356 549
844
356 138
844
356 114
844
356 84
844
356 566
844
356 791
844
356 265
844
528 160
844
528 590
844
528 223
844
528 812
844
528 560
844
528 730
844
528 844
845
301 290
845
261 40
845
261 173
845
261 183
845
261 794
845
261 845
846
261 415
846
138 252
846
138 386
846
138 149
846
138 54
846
138 120
846
138 41
846
663 139
846
663 52
846
663 188
846
663 425
846
209 846
847
299 418
847
299 662
847
299 189
847
299 847
848
299 848
849
299 638
849
299 849
850
299 604
850
299 765
850
299 695
850
299 588
850
299 850
851
187 189
851
187 31
851
187 580
851
187 321
851
187 435
851
187 630
851
187 344
851
187 851
852
187 795
852
187 852
853
187 297
853
187 307
853
189 581
853
189 554
853
189 208
853
189 723
853
189 853
854
189 835
854
189 194
854
189 854
855
189 196
855
189 771
855
252 752
855
252 114
855
252 443
855
252 731
855
252 714
855
252 855
856
675 705
856
300 771
856
300 549
856
300 522
856
300 194
856
300 350
856
300 668
856
181 492
856
181 532
856
181 721
856
181 184
856
181 227
856
181 515
856
181 397
856
181 856
857
181 559
857
267 705
857
267 477
857
267 563
857
267 101
857
492 117
857
492 508
857
492 461
857
492 690
857
492 486
857
492 857
858
492 858
859
492 822
859
601 303
859
601 351
859
601 342
859
601 580
859
601 120
859
601 594
859
601 366
859
601 527
859
459 859
860
459 91
860
459 97
860
459 338
860
459 346
860
459 622
860
459 752
860
459 860
861
259 282
861
259 132
861
259 504
861
259 694
861
259 463
861
259 639
861
259 391
861
259 42
861
259 861
862
259 862
863
259 863
864
681 127
864
681 654
864
681 311
864
681 163
864
681 744
864
681 864
865
681 865
866
821 314
866
821 734
866
821 717
866
821 761
866
821 443
866
821 866
867
821 867
868
821 868
869
380 814
869
380 116
869
380 147
869
380 282
869
380 679
869
380 145
869
380 410
869
380 836
869
380 696
869
380 869
870
380 870
871
591 94
871
591 678
871
591 387
871
591 373
871
591 151
871
591 712
871
591 596
871
591 30
871
131 568
871
131 385
871
131 277
871
131 871
872
131 434
872
131 475
872
131 365
872
131 226
872
131 664
872
131 872
873
131 873
874
131 188
874
223 401
874
223 874
875
223 647
875
151 405
875
151 141
875
151 875
876
151 436
876
151 114
876
151 664
876
151 615
876
463 387
876
463 216
876
463 383
876
463 36
876
463 549
876
463 876
877
463 877
878
242 45
878
242 878
879
242 771
879
242 879
880
242 719
880
242 566
880
230 302
880
230 871
880
364 307
880
364 40
880
364 344
880
364 150
880
364 282
880
364 615
880
364 880
881
364 566
881
183 752
881
183 421
881
183 642
881
183 488
881
183 480
881
183 149
881
183 132
881
183 172
881
183 522
881
183 778
881
183 129
881
183 641
881
265 175
881
265 703
881
265 881
882
302 113
882
302 486
882
302 82
882
302 882
883
282 804
883
282 543
883
282 883
884
282 746
884
282 393
884
282 476
884
282 846
884
282 171
884
282 773
884
282 648
884
282 571
884
282 844
884
282 786
884
387 604
884
387 572
884
387 217
884
387 218
884
387 447
884
387 127
884
127 884
885
127 232
885
127 197
885
127 686
885
554 220
885
554 421
885
554 431
885
554 758
885
554 885
886
554 597
886
554 509
886
75 389
886
75 756
886
75 434
886
75 141
886
379 40
886
379 566
886
379 163
886
886 523
887
81 342
887
81 500
887
81 559
887
81 723
887
81 509
887
81 714
887
81 513
887
81 852
887
81 227
887
81 825
887
95 709
887
95 551
887
95 728
887
95 579
887
95 602
887
95 756
887
95 303
887
173 545
887
173 762
887
409 431
887
409 887
888
409 888
889
409 620
889
294 184
889
294 889
890
549 731
890
549 738
890
549 501
890
549 890
891
549 716
891
549 891
892
113 866
892
113 892
893
303 487
893
303 722
893
303 502
893
303 392
893
303 893
894
303 894
895
303 434
895
434 895
896
434 482
896
434 251
896
434 255
896
434 643
896
434 683
896
434 869
896
434 446
896
434 817
896
434 896
897
434 638
897
434 477
897
141 124
897
141 897
898
141 575
898
141 564
898
141 612
898
141 576
898
243 149
898
243 758
898
243 194
898
243 660
898
23 529
898
23 674
898
604 895
898
604 218
898
604 297
898
604 453
898
604 866
898
604 616
898
604 849
898
604 514
898
604 898
899
208 899
900
208 705
900
180 467
900
180 504
900
180 555
900
180 550
900
180 900
901
180 196
901
79 580
901
79 642
901
79 309
901
79 885
901
79 806
901
345 266
901
345 645
901
345 901
902
461 807
902
461 523
902
461 902
903
461 903
904
461 854
904
48 283
904
48 593
904
342 815
904
342 432
904
342 652
904
342 225
904
342 402
904
342 833
904
40 90
904
40 185
904
40 441
904
40 116
904
40 264
904
40 904
905
40 905
906
319 164
906
598 906
907
33 253
907
33 726
907
33 785
907
220 641
907
220 232
907
220 117
907
220 401
907
220 827
907
220 893
907
218 595
907
218 439
907
218 535
907
218 846
907
218 748
907
244 676
907
167 615
907
167 627
907
167 877
907
245 344
907
245 293
907
245 532
907
245 795
907
245 866
907
245 898
907
767 552
907
767 667
907
421 87
907
421 469
907
421 907
908
421 801
908
341 293
908
341 512
908
341 281
908
341 487
908
341 232
908
580 292
908
580 450
908
580 350
908
580 168
908
580 90
908
487 145
908
487 908
909
487 404
909
103 140
909
500 440
909
500 315
909
550 909
910
550 338
910
550 54
910
550 910
911
550 911
912
550 86
912
550 369
912
550 311
912
311 660
912
311 297
912
311 657
912
311 658
912
311 654
912
311 912
913
508 119
913
508 726
913
508 170
913
752 714
913
752 431
913
752 738
913
752 32
913
752 160
913
94 309
913
94 212
913
94 784
913
94 724
913
689 346
913
689 688
913
689 913
914
689 567
914
689 914
915
689 806
915
689 730
915
264 313
915
264 677
915
139 915
916
139 481
916
147 431
916
147 214
916
147 188
916
147 766
916
147 916
917
147 891
917
147 368
917
381 699
917
381 766
917
381 88
917
217 247
917
217 627
917
217 384
917
217 917
918
217 257
918
217 835
918
217 410
918
217 284
918
217 755
918
217 899
918
217 41
918
217 825
918
217 692
918
473 662
918
473 839
918
473 510
918
473 870
918
473 693
918
918 119
919
918 749
919
918 479
919
918 624
919
254 572
919
254 425
919
254 260
919
254 859
919
254 919
920
153 717
920
153 679
920
662 433
920
662 845
920
662 787
920
662 519
920
662 920
921
49 374
921
895 352
921
140 744
921
140 288
921
140 570
921
247 522
921
247 737
921
247 609
921
247 741
921
247 622
921
247 557
921
247 857
921
247 606
921
169 525
921
169 694
921
402 36
921
402 857
921
402 862
921
627 397
921
627 660
921
627 390
921
736 621
921
188 36
921
304 921
922
143 385
922
676 593
922
121 576
922
121 922
923
121 751
923
522 721
923
522 250
923
522 923
924
522 231
924
522 403
924
522 924
925
572 184
925
572 125
925
572 804
925
572 925
926
572 926
927
705 884
927
705 596
927
884 124
927
168 883
927
168 258
927
418 530
927
418 280
927
523 184
927
523 210
927
305 851
927
305 596
927
305 917
927
305 843
927
305 32
927
85 643
927
85 486
927
85 790
927
581 776
927
581 573
927
581 407
927
527 479
927
527 659
927
814 347
927
814 536
927
814 664
927
814 921
927
54 272
927
54 359
927
54 614
927
54 668
927
482 529
927
482 661
927
505 927
928
505 847
928
450 880
928
804 499
928
804 185
928
804 233
928
804 928
929
373 443
929
373 642
929
373 297
929
373 587
929
373 395
929
306 281
929
306 929
930
253 126
930
253 795
930
253 930
931
124 486
931
124 297
931
124 552
931
124 441
931
124 700
931
124 616
931
132 39
931
132 931
932
278 932
933
278 632
933
278 757
933
156 792
933
156 830
933
156 933
934
156 371
934
407 643
934
407 250
934
407 934
935
407 526
935
407 533
935
82 437
935
82 782
935
82 268
935
82 750
935
82 760
935
82 935
936
82 539
936
346 635
936
346 160
936
346 807
936
346 422
936
346 936
937
346 222
937
514 232
937
514 652
937
207 545
937
629 383
937
629 937
938
629 738
938
629 126
938
486 258
938
486 465
938
486 938
939
486 792
939
486 608
939
486 797
939
792 939
940
792 56
940
116 37
940
116 940
941
116 280
941
688 686
941
688 938
941
688 760
941
185 281
941
185 941
942
185 517
942
185 307
942
185 661
942
432 942
943
509 117
943
509 260
943
509 930
943
509 871
943
635 283
943
635 334
943
635 198
943
616 552
943
293 833
943
543 560
943
543 716
943
543 883
943
543 937
943
543 732
943
440 643
943
440 842
943
36 737
943
36 90
943
36 943
944
36 944
945
36 874
945
36 644
945
36 945
946
36 773
946
36 754
946
36 285
946
615 444
946
615 946
947
615 630
947
615 845
947
615 793
947
721 37
947
721 617
947
590 88
947
590 714
947
590 906
947
590 512
947
590 943
947
462 596
947
462 595
947
279 636
947
488 631
947
383 213
947
749 818
947
749 787
947
749 760
947
749 339
947
46 639
947
46 947
948
193 349
948
193 948
949
193 493
949
193 949
950
738 890
950
738 950
951
738 923
951
738 759
951
117 525
951
117 160
951
384 213
951
384 479
951
384 516
951
384 552
951
384 846
951
384 891
951
384 573
951
384 856
951
384 425
951
384 951
952
596 851
952
596 816
952
596 536
952
596 824
952
596 619
952
250 166
952
250 433
952
250 756
952
250 234
952
250 37
952
250 191
952
307 308
952
307 84
952
307 931
952
213 950
952
258 678
952
258 952
953
258 953
954
320 717
954
344 222
954
344 694
954
308 431
954
308 777
954
308 811
954
308 954
955
308 700
955
308 955
956
308 50
956
308 274
956
308 159
956
563 747
956
563 956
957
563 145
957
512 640
957
512 414
957
512 271
957
512 385
957
232 283
957
232 751
957
232 685
957
232 957
958
232 958
959
251 937
959
251 443
959
251 478
959
959 573
960
959 84
960
959 454
960
47 309
960
568 744
960
568 56
960
349 595
960
349 360
960
349 833
960
349 172
960
349 799
960
408 313
960
408 866
960
504 552
960
771 927
960
771 960
961
347 531
961
347 502
961
347 945
961
347 861
961
525 942
961
525 315
961
961 788
962
815 475
962
815 867
962
815 656
962
160 351
962
160 927
962
160 439
962
160 673
962
160 567
962
160 809
962
160 542
962
431 503
962
431 710
962
30 950
962
30 310
962
30 962
963
30 255
963
744 32
963
744 924
963
744 963
964
281 707
964
31 643
964
31 785
964
31 956
964
31 784
964
474 737
964
474 786
964
145 389
964
145 534
964
145 701
964
52 628
964
52 725
964
52 871
964
210 825
964
210 270
964
714 913
964
714 446
964
714 769
964
714 607
964
714 196
964
32 942
964
32 724
964
358 758
964
358 427
964
358 964
965
358 965
966
358 966
967
83 475
967
83 967
968
545 917
968
968 643
969
968 905
969
679 566
969
745 326
969
745 491
969
794 683
969
794 726
969
706 310
969
84 326
969
84 969
970
84 270
970
310 830
970
310 552
970
310 902
970
310 970
971
310 888
971
310 671
971
532 772
971
866 925
971
51 578
971
807 285
971
642 489
971
642 760
971
642 829
971
631 266
971
86 909
971
87 726
971
87 940
971
87 338
971
87 910
971
776 650
971
776 552
971
114 621
971
114 785
971
942 899
971
942 594
971
197 828
971
197 653
971
197 638
971
197 385
971
272 971
972
272 793
972
566 39
972
566 41
972
566 621
972
566 899
972
559 649
972
559 972
973
559 526
973
973 55
974
973 947
974
186 233
974
883 478
974
883 936
974
883 226
974
723 939
974
723 656
974
731 445
974
444 314
974
444 713
974
444 697
974
444 718
974
88 690
974
475 974
975
475 930
975
595 573
975
732 636
975
732 975
976
732 506
976
654 284
976
654 951
976
654 703
976
747 683
976
747 166
976
747 726
976
747 561
976
747 296
976
747 976
977
747 977
978
184 864
978
184 955
978
479 359
978
479 357
978
479 964
978
212 452
978
529 592
978
529 355
978
529 753
978
529 613
978
255 950
978
255 490
978
285 711
978
636 389
978
385 501
978
385 517
978
385 288
978
192 881
978
192 823
978
443 55
978
465 639
978
640 769
978
257 863
978
643 806
978
643 967
978
34 268
978
34 796
978
45 224
978
45 98
978
45 963
978
89 887
978
89 625
978
89 850
978
90 104
978
90 879
978
499 530
978
828 172
978
828 447
978
828 780
978
887 690
978
632 521
978
830 647
978
830 650
978
830 935
978
694 526
978
690 915
978
260 913
978
573 664
978
793 848
978
793 677
978
552 955
978
439 427
978
439 788
978
439 560
978
439 562
978
439 813
978
760 398
978
760 806
978
760 483
978
530 447
978
647 130
978
647 608
978
647 556
978
149 756
978
149 772
978
149 702
978
149 837
978
735 916
978
735 483
978
164 763
978
125 970
978
597 811
978
393 848
978
393 919
978
393 533
978
737 583
978
297 855
978
489 339
978
853 958
978
950 938
978
950 224
978
334 865
978
334 932
978
334 159
978
334 978
979
334 455
979
334 977
979
454 717
979
938 159
979
386 513
979
386 911
979
314 672
979
314 857
979
314 680
979
172 657
979
172 534
979
172 266
979
899 979
980
464 501
980
464 702
980
422 491
980
422 664
980
271 788
980
271 905
980
41 980
981
476 540
981
476 922
981
847 717
981
847 782
981
651 538
981
491 947
981
491 655
981
283 913
981
283 644
981
283 920
981
283 871
981
436 424
981
818 587
981
678 812
981
678 639
981
678 194
981
726 268
981
726 775
981
726 906
981
913 583
981
913 836
981
453 810
981
453 953
981
943 778
981
943 843
981
943 729
981
981 564
982
981 316
982
425 962
982
425 892
982
425 742
982
685 477
982
751 781
982
740 401
982
740 838
982
740 266
982
466 946
982
466 43
982
848 166
982
848 603
982
324 941
982
284 982
983
266 564
983
266 194
983
266 971
983
477 923
983
194 948
983
55 860
983
722 564
983
802 451
983
154 983
984
860 659
984
860 952
984
641 974
984
510 711
984
510 442
984
734 648
984
900 417
984
621 873
984
614 599
984
711 845
984
233 984
985
233 468
985
325 400
985
659 43
985
659 394
985
659 298
985
287 940
985
564 227
985
564 980
985
401 926
985
357 671
985
326 928
985
777 496
985
777 949
985
983 805
985
501 102
985
501 518
985
43 904
985
410 841
985
410 902
985
916 327
985
524 200
985
891 757
985
388 603
985
388 772
985
979 871
985
268 840
985
389 783
985
389 497
985
44 982
985
582 985
986
927 392
986
927 864
986
782 558
986
796 845
986
796 561
986
796 803
986
796 448
986
796 634
986
536 875
986
157 718
986
405 976
986
405 986
987
609 359
987
609 956
987
609 455
987
909 820
987
38 495
987
987 392
988
987 988
989
502 989
990
502 98
990
502 772
990
502 584
990
923 606
990
441 779
990
795 533
990
227 944
990
234 878
990
234 586
990
234 832
990
653 296
990
772 713
990
567 53
990
741 472
990
741 988
990
650 165
990
650 990
991
526 791
991
526 882
991
526 944
991
338 896
991
989 991
992
989 808
992
686 834
992
902 222
992
190 362
992
575 288
992
534 861
992
219 362
992
956 992
993
535 890
993
414 544
993
701 520
993
288 836
993
288 993
994
560 42
994
933 617
994
513 655
994
513 327
994
159 292
994
159 951
994
159 858
994
159 668
994
725 585
994
743 331
994
778 952
994
360 912
994
360 889
994
833 914
994
944 829
994
944 677
994
239 876
994
239 819
994
239 574
994
947 872
994
710 128
994
717 954
994
102 965
994
785 823
994
773 993
994
494 472
994
875 798
994
649 557
994
677 646
994
677 966
994
829 994
995
836 455
995
903 455
995
753 712
995
753 901
995
606 613
995
939 982
995
163 985
995
163 800
995
481 506
995
946 982
995
517 957
995
797 774
995
161 843
995
515 495
995
99 995
996
99 680
996
574 672
996
769 367
996
101 984
996
101 868
996
901 823
996
774 991
996
330 972
996
823 907
996
224 994
996
914 894
996
195 623
996
576 991
996
965 826
996
779 739
996
837 707
996
878 996
997
558 680
997
888 978
997
448 366
997
867 648
997
867 449
997
333 975
997
584 803
997
451 832
997
198 990
997
198 547
997
718 960
997
757 997
998
757 998
999
561 370
999
561 781
999
865 237
999
972 992
999
962 996
999
985 929
999
894 997
999
544 998
999
920 318
999
704 842
999
