0 23
1 21
2 28
3 29
4 20
5 41
6 46
7 46
8 25
9 26
10 34
11 26
12 34
13 28
14 26
15 26
16 46
17 26
18 46
19 46
20 46
21 26
22 26
23 26
24 23
25 26
26 20
27 28
28 25
29 29
30 26
31 29
32 26
33 28
34 26
35 36
36 32
37 46
38 46
39 46
40 42
41 46
42 46
43 46
44 46
45 46
46 46
47 26
48 26
49 23
50 39
51 26
52 17
53 20
54 25
55 20
56 20
57 35
58 15
59 25
60 30
61 19
62 46
63 38
64 33
65 42
66 31
67 31
68 42
69 46
70 46
71 26
72 26
73 46
74 27
75 38
76 46
77 23
78 34
79 42
80 46
81 26
82 19
83 25
84 25
85 14
86 26
87 45
88 41
89 30
90 26
91 29
92 26
93 43
94 38
95 40
96 30
97 46
98 40
99 26
100 46
101 18
102 22
103 36
104 46
105 26
106 19
107 26
108 18
109 19
110 19
111 19
112 20
113 31
114 26
115 27
116 46
117 26
118 46
119 31
120 40
121 46
122 36
123 27
124 46
125 46
126 46
127 25
128 46
129 46
130 46
131 46
132 20
133 30
134 26
135 46
136 18
137 26
138 23
139 8
140 38
141 26
142 26
143 23
144 26
145 26
146 21
147 20
148 21
149 26
150 25
151 25
152 26
153 26
154 46
155 25
156 26
157 25
158 26
159 26
160 38
161 17
162 24
163 25
164 26
165 25
166 18
167 46
168 24
169 28
170 14
171 15
172 17
173 21
174 20
175 15
176 12
177 18
178 17
179 12
180 26
181 27
182 26
183 12
184 38
185 33
186 46
187 15
188 20
189 14
190 20
191 24
192 39
193 46
194 37
195 37
196 26
197 42
198 15
199 16
200 9
201 25
202 46
203 38
204 28
205 18
206 36
207 26
208 42
209 19
210 18
211 42
212 32
213 35
214 35
215 25
216 12
217 26
218 25
219 32
220 26
221 26
222 26
223 26
224 26
225 20
226 25
227 20
228 46
229 32
230 46
231 46
232 46
233 46
234 36
235 46
236 36
237 46
238 46
239 35
240 45
241 26
242 32
243 32
244 33
245 38
246 29
247 26
248 36
249 26
250 28
251 26
252 40
253 42
254 26
255 28
256 19
257 28
258 36
259 42
260 42
261 42
262 42
263 42
264 38
265 36
266 38
267 42
268 42
269 42
270 38
271 42
272 28
273 31
274 38
275 46
276 26
277 46
278 42
279 42
280 42
281 42
282 42
283 38
284 42
285 42
286 46
287 26
288 33
289 32
290 29
291 46
292 42
293 26
294 26
295 26
296 46
297 26
298 46
299 26
300 29
301 29
302 38
303 46
304 38
305 36
306 18
307 18
308 46
309 46
310 16
311 19
312 22
313 25
314 22
315 25
316 16
317 19
318 20
319 13
320 23
321 15
322 20
323 18
324 24
325 11
326 12
327 46
328 46
329 46
330 46
331 46
332 46
333 46
334 46
335 34
336 29
337 29
338 28
339 27
340 36
341 36
342 26
343 28
344 46
345 46
346 46
347 46
348 46
349 42
350 46
351 46
352 46
353 46
354 44
355 36
356 46
357 46
358 46
359 41
360 46
361 41
362 46
363 20
364 46
365 46
366 19
367 39
368 46
369 45
370 46
371 46
372 41
373 44
374 46
375 46
376 37
377 46
378 24
379 38
380 33
381 36
382 16
383 46
384 34
385 46
386 28
387 45
388 13
389 17
390 8
391 41
392 38
393 45
394 44
395 41
396 46
397 46
398 46
399 46
400 46
401 46
402 36
403 46
404 46
405 46
406 46
407 46
408 41
409 33
410 46
411 46
412 46
413 4
414 46
415 38
416 46
417 24
418 46
419 46
420 43
421 46
422 10
423 36
424 15
425 28
426 18
427 26
428 26
429 21
430 42
431 26
432 27
433 33
434 41
435 25
436 46
437 18
438 26
439 26
440 15
441 20
442 26
443 26
444 38
445 26
446 26
447 46
448 26
449 25
450 46
451 26
452 46
453 46
454 35
455 46
456 26
457 42
458 34
459 33
460 29
461 28
462 44
463 46
464 35
465 46
466 23
467 19
468 15
469 15
470 19
471 19
472 45
473 46
474 46
475 46
476 45
477 46
478 44
479 46
480 46
481 46
482 46
483 30
484 25
485 46
486 39
487 41
488 46
489 35
490 27
491 46
492 39
493 46
494 46
495 46
496 46
497 46
498 26
499 24
500 46
501 43
502 46
503 43
504 46
505 46
506 45
507 46
508 35
509 46
510 46
511 46
512 14
513 46
514 26
515 26
516 20
517 20
518 12
519 21
520 7
521 38
522 15
523 25
524 12
525 11
526 18
527 35
528 38
529 20
530 19
531 15
532 42
533 8
534 12
535 7
536 42
537 16
538 23
539 38
540 15
541 10
542 9
543 26
544 26
545 26
546 26
547 25
548 25
549 38
550 26
551 38
552 32
553 35
554 26
555 26
556 26
557 36
558 26
559 26
560 26
561 25
562 31
563 28
564 36
565 26
566 26
567 24
568 26
569 26
570 32
571 25
572 26
573 23
574 25
575 26
576 32
577 31
578 26
579 25
580 42
581 23
582 20
583 14
584 20
585 20
586 14
587 23
588 19
589 19
590 45
591 36
592 13
593 23
594 23
595 17
596 31
597 36
598 41
599 38
600 36
601 35
602 38
603 35
604 42
605 36
606 35
607 38
608 35
609 26
610 43
611 38
612 43
613 32
614 46
615 36
616 35
617 26
618 28
619 38
620 44
621 46
622 46
623 46
624 39
625 38
626 18
627 23
628 46
629 46
630 46
631 43
632 25
633 26
634 23
635 34
636 18
637 26
